# R script for Peak Model
#  -- generated by MACS
p <- c(0.034821777661931445,0.04052358920891438,0.045410856249185456,0.04927994265606673,0.05375993744298189,0.052741756809592075,0.05396357356965985,0.05335266518962596,0.05151994004952431,0.05111266779616838,0.05172357617620227,0.052538120682914115,0.05131630392284634,0.052538120682914115,0.05599993483643946,0.054778118076371694,0.054981754203049654,0.054574481949693734,0.05355630131630392,0.053149029062948,0.052538120682914115,0.05070539554281246,0.05213084842955819,0.05090903166949042,0.04968721490942265,0.05111266779616838,0.05172357617620227,0.052538120682914115,0.05599993483643946,0.05640720708979539,0.05783265997654112,0.05925811286328685,0.06190538251010035,0.06516356053694775,0.06495992441026978,0.06495992441026978,0.06495992441026978,0.06292356314349017,0.0600726573699987,0.061294474130066466,0.05905447673660889,0.05823993222989704,0.055185390329727614,0.05416720969633781,0.05437084582301577,0.05416720969633781,0.057425387723185194,0.05966538511664277,0.05925811286328685,0.05823993222989704,0.05986902124332073,0.06027629349667666,0.061498110256744426,0.061294474130066466,0.05925811286328685,0.05783265997654112,0.05437084582301577,0.05070539554281246,0.05213084842955819,0.053149029062948,0.054981754203049654,0.0557962987097615,0.057221751596507234,0.057425387723185194,0.05905447673660889,0.05925811286328685,0.061294474130066466,0.06577446891698162,0.06516356053694775,0.0653671966636257,0.06394174377687997,0.06190538251010035,0.06027629349667666,0.05986902124332073,0.05946174898996481,0.06251629089013423,0.061498110256744426,0.05925811286328685,0.05946174898996481,0.05946174898996481,0.05905447673660889,0.060887201876710546,0.061294474130066466,0.06210901863677831,0.061294474130066466,0.061498110256744426,0.061090838003388506,0.06047992962335462,0.061090838003388506,0.06047992962335462,0.06027629349667666,0.058443568356575,0.05946174898996481,0.05783265997654112,0.05986902124332073,0.05783265997654112,0.06047992962335462,0.06210901863677831,0.06170174638342239,0.06353447152352404,0.06292356314349017,0.06516356053694775,0.06333083539684609,0.06577446891698162,0.06577446891698162,0.06719992180372736,0.0653671966636257,0.06516356053694775,0.06312719927016812,0.0627199270168122,0.06475628828359181,0.06312719927016812,0.0653671966636257,0.06414537990355793,0.063738107650202,0.06210901863677831,0.06251629089013423,0.063738107650202,0.06516356053694775,0.06231265476345627,0.05986902124332073,0.05925811286328685,0.05681447934315131,0.057425387723185194,0.057629023849863154,0.05986902124332073,0.05905447673660889,0.05966538511664277,0.06251629089013423,0.06455265215691386,0.06557083279030367,0.06740355793040531,0.06943991919718494,0.07025446370389678,0.07066173595725271,0.07106900821060863,0.07086537208393066,0.07025446370389678,0.06882901081715105,0.06842173856379513,0.06842173856379513,0.0680144663104392,0.069032646943829,0.06760719405708328,0.06516356053694775,0.06251629089013423,0.0653671966636257,0.06495992441026978,0.06495992441026978,0.06353447152352404,0.06292356314349017,0.0627199270168122,0.06027629349667666,0.05986902124332073,0.06231265476345627,0.06251629089013423,0.06027629349667666,0.05864720448325297,0.057425387723185194,0.05925811286328685,0.05885084060993093,0.058443568356575,0.057221751596507234,0.05966538511664277,0.05966538511664277,0.06027629349667666,0.06027629349667666,0.06231265476345627,0.0627199270168122,0.06312719927016812,0.06658901342369347,0.06781083018376124,0.07086537208393066,0.06821810243711716,0.069032646943829,0.06984719145054086,0.07025446370389678,0.07127264433728658,0.07371627785742213,0.07432718623745602,0.07249446109735436,0.07453082236413397,0.07432718623745602,0.07717809201094748,0.07717809201094748,0.07819627264433729,0.07799263651765932,0.07473445849081194,0.07453082236413397,0.0722908249706764,0.0739199139841001,0.07208718884399844,0.0749380946174899,0.07188355271732047,0.069032646943829,0.069032646943829,0.06821810243711716,0.06943991919718494,0.06740355793040531,0.06781083018376124,0.0653671966636257,0.069032646943829,0.0653671966636257,0.06943991919718494,0.07208718884399844,0.0680144663104392,0.06842173856379513,0.06862537469047308,0.06862537469047308,0.06943991919718494,0.07269809722403232,0.06923628307050697,0.069032646943829,0.06455265215691386,0.06170174638342239,0.06455265215691386,0.0653671966636257,0.06618174117033755,0.06821810243711716,0.069032646943829,0.06821810243711716,0.06781083018376124,0.06964355532386289,0.07167991659064252,0.07453082236413397,0.0739199139841001,0.07534536687084582,0.07636354750423563,0.07575263912420174,0.0739199139841001,0.07351264173074416,0.07290173335071028,0.07127264433728658,0.07005082757721882,0.0680144663104392,0.07269809722403232,0.07066173595725271,0.06943991919718494,0.06842173856379513,0.07005082757721882,0.069032646943829,0.07045809983057474,0.07188355271732047,0.07412355011077805,0.07697445588426952,0.07371627785742213,0.07351264173074416,0.07514173074416786,0.07615991137755768,0.07534536687084582,0.0765671836309136,0.07778900039098137,0.0775853642643034,0.07677081975759155,0.07615991137755768,0.07473445849081194,0.0775853642643034,0.07595627525087971,0.07534536687084582,0.07819627264433729,0.07799263651765932,0.07982536165776098,0.07799263651765932,0.07982536165776098,0.08063990616447282,0.08226899517789651,0.07962172553108302,0.08349081193796429,0.08247263130457448,0.0802326339111169,0.08002899778443893,0.07839990877101524,0.07799263651765932,0.07636354750423563,0.07453082236413397,0.0749380946174899,0.07778900039098137,0.07453082236413397,0.07717809201094748,0.07432718623745602,0.07453082236413397,0.07330900560406621,0.07717809201094748,0.07778900039098137,0.07677081975759155,0.07636354750423563,0.0749380946174899,0.07351264173074416,0.07330900560406621,0.07595627525087971,0.07371627785742213,0.07330900560406621,0.07371627785742213,0.07453082236413397,0.07595627525087971,0.07636354750423563,0.07595627525087971,0.07901081715104913,0.07839990877101524,0.07982536165776098,0.08247263130457448,0.08532353707806595,0.08674898996481167,0.08959989573830314,0.09122898475172683,0.09265443763847257,0.09652352404535383,0.0977453408054216,0.10242897171901473,0.10426169685911638,0.10874169164603154,0.11016714453277728,0.1089453277727095,0.111592597419523,0.11362895868630261,0.11709077283982797,0.11892349797992963,0.11953440635996351,0.11729440896650593,0.11994167861331943,0.11831258959989574,0.11973804248664147,0.12238531213345497,0.12258894826013293,0.12421803727355663,0.1238107650202007,0.12157076762674313,0.1201453147399974,0.1227925843868109,0.11973804248664147,0.11953440635996351,0.11525804769972631,0.1132216864329467,0.1079271471393197,0.10731623875928581,0.10772351101264173,0.10711260263260784,0.10975987227942134,0.11077805291281116,0.11179623354620097,0.11301805030626874,0.11362895868630261,0.11525804769972631,0.11953440635996351,0.11933077023328555,0.11810895347321777,0.11831258959989574,0.1185162257265737,0.11607259220643816,0.11729440896650593,0.11831258959989574,0.12401440114687867,0.1238107650202007,0.12319985664016682,0.12442167340023459,0.12625439854033624,0.12910530431382772,0.12890166818714974,0.1280871236804379,0.12890166818714974,0.12910530431382772,0.12442167340023459,0.1254398540336244,0.12605076241365828,0.12523621790694645,0.12075622312003127,0.11831258959989574,0.12075622312003127,0.12462530952691254,0.12218167600677701,0.12157076762674313,0.12523621790694645,0.12523621790694645,0.12788348755375994,0.12605076241365828,0.12605076241365828,0.12951257656718362,0.12482894565359051,0.12197803988009905,0.12340349276684479,0.1227925843868109,0.12319985664016682,0.12482894565359051,0.12482894565359051,0.12503258178026846,0.1297162126938616,0.1280871236804379,0.13093802945392935,0.1307343933272514,0.12930894044050567,0.13053075720057344,0.12788348755375994,0.12767985142708196,0.12401440114687867,0.12299622051348885,0.12462530952691254,0.12401440114687867,0.12340349276684479,0.12666167079369217,