# R script for Peak Model
#  -- generated by MACS
p <- c(0.03952529321204924,0.045922167754583715,0.052560895242863975,0.0591833180381726,0.06587367705419633,0.06585737236122471,0.0657269348174517,0.06580302338465263,0.06573780461276613,0.06573236971510892,0.06593889582608284,0.06622151050425769,0.06631662121325883,0.0666834768051204,0.06663456272620553,0.06698511362509549,0.06694978679032364,0.0671264209641829,0.0673682739099287,0.0673682739099287,0.06702859280635316,0.06713729075949733,0.06721066187786964,0.06690630760906596,0.066933482097352,0.0668682633254655,0.06691989485320898,0.06683565393952225,0.06668075935629181,0.06683565393952225,0.06708565923175384,0.06703674515283897,0.06685195863249388,0.06668619425394902,0.06662369293089111,0.06662097548206251,0.06690359016023736,0.06682750159303644,0.06701772301103874,0.06700685321572432,0.06696880893212387,0.06672967343520668,0.06682478414420784,0.06701500556221013,0.06706663708995361,0.0671155511688685,0.0671862048384122,0.06716718269661197,0.0670557672946392,0.06696337403446666,0.06702587535752455,0.06741175309118635,0.0673764262564145,0.06757480002090262,0.06771882480881865,0.06784926235259164,0.06783567510844862,0.06784926235259164,0.06786284959673466,0.06789274153384932,0.06793078581744978,0.0677568690924191,0.06774871674593329,0.0676970852181898,0.0676943677693612,0.0677568690924191,0.06758838726504564,0.06791448112447815,0.06805850591239418,0.06814818172373811,0.06814274682608092,0.06816992131436696,0.06820796559796741,0.06816448641670975,0.06791448112447815,0.06777860868304794,0.06803133142410814,0.06791991602213536,0.06816992131436696,0.06795524285690721,0.06808568040068022,0.06818622600733858,0.06837101252768367,0.06820253070031021,0.06847971048082784,0.06861014802460084,0.0683873172206553,0.06825144477922508,0.06771882480881865,0.06822427029093904,0.0680068743846507,0.0678112180689912,0.06781393551781979,0.0678818717385349,0.06795524285690721,0.06757208257207402,0.06779491337601956,0.06806394081005139,0.06830851120462578,0.06827590181868252,0.0685150373155997,0.06865906210351573,0.06881123923791756,0.06918081227860774,0.06909928881374962,0.06950690613804025,0.06917809482977914,0.06916722503446472,0.06930038002706633,0.06930309747589494,0.06956397256344095,0.06954495042164072,0.06937375114543864,0.06926233574346588,0.0692813578852661,0.06910472371140683,0.06939549073606749,0.06926777064112308,0.06938462094075307,0.06919711697157938,0.06927320553878029,0.06940092563372469,0.0693384243106668,0.06947701420092561,0.06972701949315721,0.0699797422342174,0.07002865631313228,0.07021887773113458,0.07004496100610391,0.07025148711707783,0.07019170324284854,0.07050964475579524,0.07090095738711426,0.07060203801596779,0.07050149240930942,0.07053953669290988,0.07061834270893941,0.0705504064882243,0.07062106015776802,0.07071345341794055,0.07077867218982706,0.070737910457398,0.07057758097651035,0.07101237278908704,0.07109117880511655,0.07089552248945705,0.07076236749685544,0.07078138963865567,0.07082758626874194,0.07076236749685544,0.07077867218982706,0.07077867218982706,0.0708629131035138,0.07071345341794055,0.07103139493088725,0.07135477134149117,0.07157216724777951,0.07182488998883971,0.07184662957946854,0.07193902283964108,0.07203685099747084,0.0719526100837841,0.07190369600486923,0.07196347987909853,0.07179228060289645,0.07161292898020857,0.07168630009858089,0.07186293427244017,0.07230587843150267,0.0723276180221315,0.07216457109241524,0.07250425219599078,0.07280317156713725,0.07312383052891255,0.07324883317502835,0.07339014051411577,0.07355046999500342,0.07343361969537344,0.07347166397897391,0.07378145314543479,0.07395536987046547,0.07415102618612497,0.07440374892718517,0.07437113954124192,0.07444451065961423,0.07465647166824536,0.07449614218735771,0.07489288971633394,0.07514017755973693,0.07510756817379367,0.0752434406152239,0.07502604470893555,0.07472712533778908,0.07490104206281975,0.07488745481867673,0.0748059313538186,0.07494452124407742,0.07473256023544629,0.07454233881744399,0.07458853544753026,0.07477875686553256,0.0749934353229923,0.07522441847342366,0.0754336620332262,0.07562388345122849,0.07592280282237496,0.07623802688649306,0.07635487718612305,0.07633857249315142,0.0765804254388972,0.07651248921818209,0.07647987983223883,0.07682499583347159,0.07667825359672695,0.07698804276318784,0.07678966899869973,0.07668912339204137,0.07692554144012995,0.0772190259136192,0.07722989570893363,0.07700978235381667,0.0772760923390199,0.07691738909364412,0.07694728103075878,0.07679238644752834,0.07744729161522196,0.07795817199499956,0.07801252097157166,0.07820817728723116,0.07829785309857511,0.07887938714789641,0.07927613467687264,0.07964299026873423,0.08009408677428254,0.08017561023914066,0.08008593442779671,0.07991745260042325,0.0798821257656514,0.07976527546602141,0.07993103984456627,0.08019463238094089,0.07992560494690906,0.08037126655480017,0.08051257389388759,0.08075986173729058,0.08068649061891826,0.08090660397403521,0.08143378904678444,0.08174901311090253,0.08168651178784464,0.08184140637107508,0.08166748964604441,0.08164303260658697,0.08143922394444165,0.08165390240190139,0.08195553922187647,0.08226261093950875,0.08184412381990369,0.08205880227736342,0.08250446388525452,0.08227619818365177,0.08284142754000146,0.08260500949191289,0.08296371273728866,0.08321371802952024,0.0834338313846372,0.0832436099666349,0.08377079503938412,0.08364850984209693,0.08366209708623995,0.08404797481990176,0.08434417674221963,0.08450450622310728,0.08478712090128213,0.08479255579893934,0.08480342559425375,0.08537952474591785,0.08550724484086225,0.08574638033777943,0.08593660175578173,0.08602899501595428,0.08599366818118243,0.08649639621447422,0.08634965397772958,0.0863578063242154,0.08654531029338909,0.08635508887538679,0.08651813580510305,0.08685509945984998,0.08692575312939368,0.08719478056342551,0.08742848116268548,0.0876920736990601,0.088145887653437,0.08833339162261071,0.08879264047464483,0.08895025250670388,0.08926275912199337,0.08940134901225219,0.0901051682588607,0.09103997065590057,0.09181716102088139,0.0929041405523231,0.09343132562507234,0.09477918024406005,0.09578735375947224,0.09726836337106158,0.09849936769041931,0.09967874048203357,0.10027657922432652,0.10075485021816087,0.10126844804676707,0.10138529834639706,0.10222499003443579,0.10265162950052666,0.10251847450792505,0.10275489255601362,0.10254564899621109,0.10252390940558226,0.10270869592592735,0.10286630795798639,0.10321142395921913,0.10336631854244958,0.10343697221199329,0.10367882515773907,0.1042685115535462,0.10430112093948946,0.10492885161889705,0.10537723067561675,0.10590169829953737,0.10631203307265662,0.10639899143517195,0.10638540419102893,0.10635551225391429,0.10639083908868614,0.10676312957820493,0.1068691100825205,0.1068093262082912,0.10703215701223676,0.10677671682234795,0.10654301622308798,0.10683921814540585,0.10740173005292694,0.10777945544010294,0.10784739166081804,0.1080131560393629,0.10845066530076819,0.10863545182111328,0.10860012498634142,0.10914089730323367,0.10939362004429387,0.10943981667438014,0.10952405758806688,0.10953220993455269,0.10951318779275246,0.10942079453257991,0.10939362004429387,0.10993982725884334,0.11026048622061864,0.11058929752887975,0.11092082628596948,0.11127681208251664,0.1115050777841194,0.11177682266697983,0.11244803252764508,0.11291543372616501,0.11325239738091195,0.11323065779028312,0.11376599520951816,0.11388828040680535,0.1139208897927486,0.11375512541420374,0.11395893407634906,0.11457851240927083,0.11467634056710059,0.11482851770150243,0.11495352034761823,0.11514645921444913,0.11475242913430152,0.11501330422184752,0.11529320145119376,0.1157062536731416,0.11597256365834484,0.115820386523943,0.1159562589653732,0.1162742004783199,0.11665464331432451,0.11658127219595218,0.11731498337967534,0.11779597182233831,0.11800249793331223,0.11833946158805916,0.11864109840803423,0.11920632776438393,0.11947807264724436,0.11941013642652924,0.11937480959175739,0.11998080068053614,0.12008134628719451,