# R script for Peak Model
#  -- generated by MACS
p <- c(0.03517123812401491,0.041600101147444904,0.047734307948967686,0.05461854876989063,0.06051167320803479,0.06061882092509196,0.06027059084465617,0.06104741179332063,0.062011741246835124,0.06244033211506379,0.062011741246835124,0.06104741179332063,0.06088669021773488,0.05938662217893455,0.05976163918863463,0.06027059084465617,0.06045809934950621,0.060377738561713336,0.059922360764220375,0.05941340910819884,0.060377738561713336,0.06045809934950621,0.06040452549097763,0.06096705100552775,0.060993837934792045,0.06005629541054183,0.06045809934950621,0.05978842611789892,0.05917232674482021,0.05893124438144159,0.058663375088798674,0.05863658815953438,0.05933304832040596,0.05885088359364871,0.058047275715719965,0.05895803131070588,0.05978842611789892,0.060163443127599005,0.06091347714699917,0.0611277725811135,0.06088669021773488,0.061824232741985084,0.062199249751685164,0.06289570991255675,0.06332430078078541,0.06286892298329246,0.06160993730787075,0.061636724237135045,0.06214567589315658,0.06169029809566363,0.06187780660051367,0.06179744581272079,0.061020624864056336,0.06096705100552775,0.06085990328847059,0.061663511166399336,0.06238675825653521,0.06278856219549958,0.06268141447844242,0.0637261047197498,0.06420826944650704,0.06399397401239271,0.06407433480018558,0.06343144849784257,0.06300285762961391,0.06233318439800662,0.06190459352977796,0.0624135451857995,0.06262784061991383,0.06260105369064954,0.06252069290285667,0.06276177526623529,0.062226036680949455,0.06289570991255675,0.06412790865871416,0.0637261047197498,0.06391361322459983,0.06361895700269263,0.06394040015386412,0.06332430078078541,0.06265462754917812,0.06230639746874233,0.0637261047197498,0.06487794267811432,0.06447613873914995,0.06616371528280032,0.06640479764617895,0.0662172891413289,0.06538689433413587,0.06565476362677879,0.06640479764617895,0.06704768394852195,0.06702089701925766,0.06683338851440762,0.06683338851440762,0.06589584599015741,0.0662440760705932,0.06613692835353603,0.06672624079735046,0.06686017544367191,0.066592306151029,0.06699411008999337,0.06667266693882187,0.06554761590972162,0.06576191134383595,0.0656279766975145,0.06570833748530737,0.06613692835353603,0.06616371528280032,0.06578869827310024,0.06602978063647887,0.06546725512192875,0.06514581197075725,0.06581548520236453,0.06640479764617895,0.06635122378765036,0.06629764992912178,0.06744948788748632,0.06774414410939353,0.0687888343507009,0.0688156212799652,0.06929778600672244,0.0700746069553869,0.07055677168214415,0.07015496774317978,0.07095857562110854,0.07087821483331565,0.07023532853097265,0.06961922915789395,0.06811916111909362,0.06836024348247224,0.06827988269467937,0.06790486568497928,0.0678512918264507,0.06798522647277216,0.06769057025086495,0.0675298486752792,0.06683338851440762,0.06683338851440762,0.06769057025086495,0.06814594804835791,0.06766378332160065,0.0675030617460149,0.06702089701925766,0.06686017544367191,0.06707447087778624,0.06640479764617895,0.066592306151029,0.06686017544367191,0.06734234017042916,0.06669945386808616,0.06715483166557912,0.06704768394852195,0.06838703041173654,0.06852096505805799,0.06825309576541508,0.06876204742143661,0.06916385136040099,0.06956565529936537,0.06932457293598673,0.07031568931876553,0.07098536255037283,0.07133359263080861,0.06932457293598673,0.06967280301642254,0.06956565529936537,0.06991388537980116,0.06988709845053687,0.06975316380421541,0.0694852945115725,0.06953886837010108,0.06935135986525102,0.06862811277511516,0.07026211546023695,0.07058355861140844,0.0713871664893372,0.07178897042830157,0.07192290507462303,0.07219077436726594,0.0726461521647589,0.07181575735756586,0.07173539656977299,0.07286044759887324,0.07253900444770174,0.07194969200388732,0.07253900444770174,0.0723247090135874,0.07194969200388732,0.07157467499418724,0.0717086096405087,0.07248543058917316,0.07237828287211598,0.07272651295255178,0.07294080838666611,0.07353012083048052,0.07363726854753769,0.0739051378401806,0.07516412351560231,0.07591415753500248,0.07677133927145981,0.07594094446426677,0.07634274840323114,0.07626238761543827,0.07607487911058823,0.07561950131309528,0.0751909104448666,0.07529805816192377,0.07449445028399503,0.0742533679206164,0.07422658099135211,0.07511054965707373,0.07548556666677382,0.07521769737413089,0.07575343595941673,0.07642310919102402,0.07719993013968848,0.07811068573467439,0.07827140731026014,0.0780838988054101,0.07736065171527423,0.07786960337129577,0.07685170005925268,0.07636953533249544,0.07604809218132394,0.07682491312998839,0.07599451832279536,0.07484268036443081,0.07452123721325932,0.07561950131309528,0.07583379674720961,0.07567307517162386,0.07674455234219552,0.07835176809805301,0.07883393282481027,0.07894108054186744,0.0787267851077531,0.07961075377347472,0.0803340008636106,0.07942324526862468,0.08009291850023198,0.07982504920758905,0.08020006621728915,0.07915537597598177,0.08028042700508202,0.07945003219788897,0.07977147534906047,0.07990540999538194,0.07974468841979618,0.08038757472213919,0.07979826227832476,0.08044114858066777,0.08038757472213919,0.08062865708551781,0.0800125577124391,0.0806554440147821,0.08151262575123944,0.08103046102448218,0.08116439567080364,0.08089652637816072,0.08239659441696105,0.08220908591211101,0.08196800354873239,0.08250374213401822,0.08261088985107538,0.08199479047799668,0.08220908591211101,0.08218229898284672,0.08325377615341839,0.08419131867766859,0.08314662843636123,0.08376272780943993,0.08362879316311847,0.08349485851679701,0.08301269379003977,0.0848074180507473,0.08405738403134713,0.08523600891897597,0.08437882718251864,0.08421810560693288,0.08494135269706876,0.08472705726295443,0.08475384419221872,0.08590568215058327,0.08697715932115492,0.08687001160409775,0.08804863649172659,0.08759325869423364,0.08877188358186246,0.08933440909641259,0.0890129659452411,0.08906653980376968,0.09005765618654846,0.09072732941815576,0.09139700264976304,0.09110234642785583,0.09053982091330572,0.09195952816431317,0.0918791673765203,0.09230775824474896,0.09343280927384921,0.09487930345412096,0.09554897668572825,0.095709698261314,0.09603114141248549,0.09742406173422866,0.09935272064125766,0.10090636253858658,0.10232606978959403,0.10417436790883015,0.10484404114043744,0.10537977972572328,0.10639768303776635,0.10728165170348798,0.10795132493509527,0.10819240729847389,0.10773702950098094,0.10768345564245235,0.10808525958141672,0.10811204651068101,0.10835312887405965,0.10829955501553107,0.1081388334399453,0.1081388334399453,0.10862099816670256,0.10937103218610272,0.11092467408343164,0.10961211454948135,0.10958532762021705,0.11001391848844573,0.11097824794196022,0.11191579046621043,0.11279975913193206,0.1129872676367821,0.11279975913193206,0.11277297220266777,0.11245152905149626,0.1136033670098608,0.11454090953411102,0.11373730165618226,0.11344264543427506,0.11317477614163214,0.11218365975885335,0.11204972511253189,0.11253188983928913,0.11191579046621043,0.1123443813344391,0.11269261141487488,0.11274618527340347,0.11309441535383927,0.11312120228310356,0.11446054874631814,0.11582668213879702,0.11652314229966859,0.11695173316789725,0.11861252278228333,0.1187732443578691,0.11933576987241921,0.11904111365051201,0.11992508231623362,0.1206483294063695,0.11989829538696933,0.11987150845770504,0.12005901696255508,0.11944291758947638,0.11853216199449046,0.11863930971154762,0.11896075286271914,0.11957685223579784,0.12056796861857663,0.12118406799165533,0.12139836342576966,0.1212912157087125,0.12134478956724108,0.12236269287928417,0.12305915304015574,0.1231930876864772,0.12313951382794862,0.12313951382794862,0.12284485760604141,0.12255020138413421,0.12297879225236287,0.12362167855470588,0.12378240013029163,0.12346095697912013,0.123541317766913,0.12295200532309858,0.12249662752560563,0.12273770988898425,0.12297879225236287,0.12335380926206296,0.12284485760604141,0.12396990863514167,0.12445207336189891,0.12488066423012759,0.125469976673942,0.12576463289584922,0.12603250218849213,0.1257914198251135,